File Name: dicOut.txt
Total Letters Read: 1094484

A:     87760   8.01839    
B:     18919   1.72858    
C:     49164   4.49198    
D:     36002   3.28940    
E:    121547   11.10542    
F:     12239   1.11824    
G:     28095   2.56696    
H:     27211   2.48619    
I:     99391   9.08108    
J:      1702   0.15551    
K:      7118   0.65035    
L:     58278   5.32470    
M:     33830   3.09095    
N:     73883   6.75049    
O:     77522   7.08297    
P:     34659   3.16670    
Q:      1616   0.14765    
R:     78911   7.20988    
S:     89698   8.19546    
T:     75527   6.90069    
U:     35240   3.21978    
V:     10379   0.94830    
W:      6350   0.58018    
X:      3546   0.32399    
Y:     21488   1.96330    
Z:      4409   0.40284    




